1.0027021169662476
0.5911972522735596
2.4068665504455566
1.522936463356018
1.4961094856262207
2.44230055809021
0.3910450339317322
0.441356897354126
0.2876805067062378
0.8679524660110474
0.47957533597946167
0.5092803835868835
1.9200695753097534
2.7824339866638184
0.4000345766544342
0.23211261630058289
0.321793794631958
1.371557354927063
0.8469151258468628
0.295158326625824
0.3423764705657959
0.869220495223999
0.7634698152542114
0.4391462802886963
0.2312195897102356
0.7149230241775513
0.7210376262664795
0.7061686515808105
0.6274644136428833
0.33758774399757385
1.410628318786621
0.3896525502204895
0.4458262622356415
0.3317839503288269
2.5628366470336914
0.728841245174408
0.5974453091621399
0.5248910188674927
0.6204553842544556
0.29240551590919495
0.34979939460754395
0.6516131162643433
1.74878990650177
0.4249343276023865
0.30702024698257446
1.2764651775360107
0.6782159805297852
0.6524010300636292
0.40374046564102173
0.35738512873649597
0.7944352626800537
0.4021526575088501
0.3003174066543579
0.4856414794921875
0.26043272018432617
0.7320421934127808
0.7375795841217041
0.3140954077243805
1.1574106216430664
0.8438182473182678
0.4238235056400299
0.23379677534103394
1.9755046367645264
0.6255650520324707
0.2364124059677124
0.22683575749397278
0.45660802721977234
0.24018988013267517
0.23164811730384827
0.3928232789039612
0.3369159996509552
0.2585999667644501
0.3762388527393341
0.3525693118572235
0.29006290435791016
0.30255353450775146
0.5931424498558044
0.4886159300804138
0.39154624938964844
0.592208981513977
2.1133437156677246
0.24533462524414062
0.28096944093704224
0.3563670516014099
0.43703076243400574
0.5931451320648193
0.7764294743537903
0.8305402994155884
0.4342753291130066
0.3741673231124878
0.40769490599632263
0.502569317817688
0.42747747898101807
1.1354644298553467
0.47228389978408813
0.7921656370162964
0.4292827546596527
0.2733623683452606
0.4768257439136505
0.38778191804885864
0.35573598742485046
1.0942606925964355
0.289116770029068
0.5738528966903687
0.4247595965862274
0.25239405035972595
0.3927028179168701
0.9722530245780945
0.49447405338287354
0.42734718322753906
0.3755378723144531
0.47233837842941284
1.0893280506134033
0.4004412889480591
0.37259846925735474
0.2106844186782837
0.3049573302268982
0.320245623588562
2.142609119415283
0.17189010977745056
0.5805394649505615
0.7949526309967041
0.28007036447525024
0.3805941641330719
0.2943951487541199
0.42790478467941284
0.3170850872993469
0.32004913687705994
0.45595353841781616
0.6673223376274109
0.7855113744735718
0.16130712628364563
0.4732885956764221
0.31084996461868286
0.6569352746009827
0.26171720027923584
0.5241591930389404
0.2094479501247406
1.0127407312393188
1.0757406949996948
0.7237487435340881
0.2523115277290344
0.48928171396255493
0.2379034012556076
0.31012988090515137
0.3444063663482666
0.37472307682037354
0.6022589206695557
0.5837808847427368
0.34348809719085693
0.2822220027446747
0.22510656714439392
0.34500667452812195
0.3365882635116577
0.3618197739124298
0.2920176088809967
0.326214075088501
0.5353313088417053
0.14255985617637634
0.32208555936813354
0.26315537095069885
0.32431066036224365
0.9302356243133545
0.5715301036834717
1.262741208076477
1.7168936729431152
0.29702043533325195
0.3148125410079956
1.0223615169525146
0.23395439982414246
0.5064440965652466
1.7053091526031494
1.3856223821640015
0.17055796086788177
0.24927300214767456
0.41171178221702576
0.24340218305587769
0.31901565194129944
0.4227330982685089
0.5042217969894409
0.44451555609703064
0.2429284006357193
0.2314964234828949
0.23771262168884277
0.6560689210891724
0.18910247087478638
0.1395031213760376
0.38389715552330017
0.5986310243606567
0.31556788086891174
1.5170220136642456
0.43329620361328125
0.22039836645126343
0.9502087831497192
0.26294732093811035
0.3450698256492615
0.4609059691429138
0.3526419401168823
0.6592210531234741
0.17579497396945953
0.24455994367599487
0.2818119525909424
2.7441625595092773
0.2237236499786377
0.3417207598686218
0.1574406623840332
1.756427526473999
0.8752249479293823
0.4069095849990845
0.29881590604782104
0.27179086208343506
0.2552538812160492
0.5296972990036011
0.6472763419151306
0.5378416776657104
0.4858943819999695
0.5802921056747437
0.15745344758033752
1.4608426094055176
0.15345019102096558
0.24507436156272888
0.5177688598632812
0.1840699017047882
0.7365342378616333
0.26069343090057373
0.1970977783203125
0.5116605162620544
0.3998100161552429
0.5520495176315308
0.3758838176727295
0.21187323331832886
0.852006196975708
0.24879130721092224
0.40109145641326904
0.3917335867881775
0.21073484420776367
0.29843124747276306
0.19921524822711945
0.30483686923980713
0.5500929355621338
0.5404737591743469
0.3640449345111847
1.3074076175689697
0.21989783644676208
0.4142870306968689
0.26230454444885254
0.4650551378726959
0.9303504824638367
1.3256813287734985
0.4168553948402405
0.5859674215316772
0.2777690589427948
0.6772048473358154
0.22549831867218018
0.20550374686717987
0.2936159372329712
0.9762359261512756
0.24105067551136017
0.37877756357192993
0.3697407841682434
0.20425403118133545
0.2317671924829483
0.8963154554367065
0.344614177942276
0.7128312587738037
0.24736857414245605
1.0506073236465454
0.30896633863449097
1.064683437347412
0.6413452625274658
0.19058561325073242
0.8025063872337341
0.2570958733558655
0.45205003023147583
0.37897831201553345
0.320647656917572
0.42382335662841797
0.6399253606796265
0.44224077463150024
0.3329978883266449
0.2786654531955719
0.4592607021331787
1.0125010013580322
0.4092407822608948
0.20094546675682068
0.31822264194488525
0.387967050075531
0.2230202704668045
0.21431878209114075
0.3193638324737549
0.42569518089294434
0.309165358543396
0.26441583037376404
0.3271496295928955
0.47550058364868164
0.2833763659000397
0.28488510847091675
0.5253477096557617
0.29104486107826233
0.3855563998222351
0.18934516608715057
0.28346461057662964
0.22867536544799805
0.439895898103714
0.2966872453689575
0.5742741227149963
0.54007887840271
0.24341976642608643
1.0369281768798828
0.26321887969970703
0.297054648399353
0.2306363433599472
0.24769887328147888
0.20612893998622894
0.29069361090660095
0.5176854133605957
0.39587417244911194
0.3342213034629822
0.5462318062782288
0.3053205609321594
0.33430013060569763
0.37290939688682556
0.22087563574314117
0.29163438081741333
0.32056859135627747
0.1364189088344574
0.3447364568710327
0.27949559688568115
0.2472705841064453
0.2731335759162903
0.30113962292671204
0.37032660841941833
0.8592736721038818
0.33340418338775635
0.42946770787239075
0.4233456254005432
0.31133198738098145
1.1109739542007446
0.2404090166091919
0.4592209458351135
0.21098215878009796
0.23637543618679047
0.4295423924922943
0.26591283082962036
0.5267366766929626
0.3192577660083771
0.325642853975296
0.246535986661911
0.36153078079223633
0.5941500067710876
0.653304934501648
0.2108864188194275
0.19620458781719208
5.176862716674805
0.26268094778060913
0.28460371494293213
0.8544396162033081
0.26863911747932434
1.3835947513580322
0.2071135938167572
1.5713024139404297
0.15453512966632843
1.1254448890686035
0.5003737807273865
0.2898472547531128
0.23788350820541382
0.31505322456359863
0.18473224341869354
0.817947506904602
0.6371322870254517
0.49622106552124023
0.21632899343967438
0.3882027268409729
0.6780766248703003
0.7201637029647827
0.2055361568927765
0.2330554723739624
0.5692684650421143
0.3841418921947479
0.5037479400634766
0.46699750423431396
0.2522658705711365
0.21519073843955994
0.6576644778251648
0.3305061459541321
0.17081475257873535
0.7345231771469116
0.7779035568237305
0.6280273199081421
0.17156098783016205
0.6230229139328003
0.38813942670822144
0.261624813079834
0.7848325967788696
0.39454343914985657
4.376379013061523
0.31219735741615295
0.8398268818855286
0.48897603154182434
0.350746214389801
0.5824232697486877
0.2834746539592743
0.258187472820282
0.45279109477996826
0.2388249635696411
0.3833496570587158
0.20722438395023346
0.26725324988365173
1.0260332822799683
0.30653315782546997
0.26862961053848267
0.2499421387910843
1.0173419713974
0.37045812606811523
0.41783273220062256
0.3538433313369751
0.4170123338699341
0.37194037437438965
0.32267147302627563
0.5224716663360596
0.4256366491317749
0.333202987909317
0.4860449433326721
0.19847458600997925
0.3192123472690582
0.5633372664451599
0.22322459518909454
0.33598458766937256
0.2224583923816681
0.3211597800254822
0.3816092312335968
0.25296473503112793
0.13644760847091675
0.7460236549377441
0.21873554587364197
0.3528258204460144
0.19695629179477692
0.29383721947669983
0.16319599747657776
0.35881590843200684
0.22952304780483246
0.403313547372818
1.000142216682434
1.0738403797149658
0.2516847848892212
0.37031564116477966
0.21962222456932068
0.40322041511535645
0.2503403425216675
0.30395132303237915
0.4222506284713745
0.12457479536533356
0.23923367261886597
0.7223107814788818
0.18610787391662598
0.365867018699646
0.2400296926498413
0.38249117136001587
0.5834517478942871
0.35297447443008423
0.2876090407371521
0.3952481150627136
0.24045437574386597
0.4530794024467468
0.47860729694366455
0.4800891578197479
0.1785239726305008
0.23324140906333923
0.26963210105895996
0.5509527921676636
0.6201884746551514
0.5379748344421387
0.528018057346344
0.22564898431301117
0.23272033035755157
0.5368449687957764
0.39023518562316895
0.4657968282699585
0.31287819147109985
0.3028886616230011
0.4925534129142761
0.18346121907234192
0.34550604224205017
0.17111912369728088
0.6024943590164185
0.41607892513275146
0.25256967544555664
0.18990986049175262
0.2907896339893341
0.20419341325759888
0.39008957147598267
0.18264082074165344
0.2904663681983948
0.42393094301223755
0.46102869510650635
0.2833089232444763
0.2738173007965088
0.6949002742767334
0.1758279800415039
0.18447519838809967
0.4105779230594635
0.4511255621910095
0.29175904393196106
0.16060931980609894
0.7518008351325989
0.20403152704238892
0.18792754411697388
0.2662317156791687
0.32346418499946594
0.19338884949684143
0.21026471257209778
0.3935622572898865
0.4663547873497009
0.45484429597854614
0.3114696145057678
0.16419145464897156
0.17618349194526672
0.2867353558540344
0.830954909324646
0.643231213092804
1.2932723760604858
0.22528299689292908
0.29795005917549133
0.2461613267660141
0.8167487382888794
0.24327191710472107
0.47617775201797485
0.3936683237552643
0.42211654782295227
1.3897204399108887
0.552657425403595
0.18807825446128845
0.41631370782852173
0.5076066255569458
0.4297487139701843
0.36631014943122864
0.20617544651031494
0.30135682225227356
0.2887471616268158
0.13090597093105316
0.3482224941253662
0.3173784613609314
0.20323872566223145
0.2505371570587158
0.5200033783912659
0.16226691007614136
0.4441525638103485
0.3431355953216553
0.48321932554244995
0.19332735240459442
0.34366166591644287
0.6962828636169434
0.7003377079963684
0.20659862458705902
0.8413444757461548
0.30780643224716187
0.3721076548099518
0.33960339426994324
0.25683099031448364
0.41971802711486816
0.22981837391853333
0.5884649753570557
0.27566224336624146
0.4324103891849518
0.714484453201294
0.2252720296382904
0.2594341039657593
0.7455230355262756
0.8054525256156921
0.558794379234314
0.24803945422172546
0.4434090852737427
0.10942919552326202
0.34357622265815735
0.6538756489753723
0.6807281970977783
0.32537975907325745
0.3904501795768738
0.33144867420196533
0.11479547619819641
0.19296640157699585
0.2962089478969574
0.41037899255752563
0.21623669564723969
0.33332565426826477
0.2354891300201416
0.8009018898010254
0.35076087713241577
0.5941565036773682
0.6284661293029785
0.17321690917015076
0.1652880609035492
0.42867887020111084
0.8457853198051453
0.44986140727996826
0.6736195683479309
0.28061404824256897
0.2655952572822571
0.5737999677658081
0.3314605951309204
0.20015420019626617
0.7358165979385376
0.5281901955604553
0.1706077754497528
0.32619574666023254
0.4960407018661499
0.6846965551376343
0.3273160755634308
0.19232982397079468
0.15711334347724915
0.32941341400146484
0.3895537555217743
0.4590492248535156
0.13759751617908478
0.2204498052597046
0.690650224685669
0.595407247543335
0.24352286756038666
0.20273691415786743
0.2574085295200348
0.20713511109352112
1.4374111890792847
0.26961326599121094
0.28948360681533813
0.24486765265464783
0.23404839634895325
0.15359672904014587
0.36498433351516724
0.22229889035224915
0.8053661584854126
0.3109897971153259
1.0387953519821167
0.22542478144168854
0.8080509305000305
0.3696099817752838
0.21390411257743835
0.8267679810523987
0.4359503388404846
0.5987080335617065
0.6393625140190125
0.2919265627861023
0.9445056915283203
0.4956519603729248
0.3251907527446747
0.17429237067699432
0.24022667109966278
1.3662594556808472
0.37014240026474
0.3157234191894531
1.2133829593658447
0.2736720144748688
0.6748807430267334
0.24762779474258423
0.31908613443374634
0.48128992319107056
0.5477740168571472
0.3516671061515808
0.1955333650112152
0.223404198884964
1.435494065284729
0.22103393077850342
0.5276963710784912
0.33443838357925415
0.8874689340591431
0.1957104653120041
0.42276352643966675
0.37575042247772217
0.37969619035720825
0.2655204236507416
0.21881431341171265
0.48057034611701965
0.20494519174098969
0.4371519386768341
0.3429974913597107
0.5727720260620117
0.3565080165863037
0.21725866198539734
1.0161819458007812
0.25038304924964905
0.353530615568161
0.45481225848197937
0.554729700088501
0.1561337262392044
0.4402987062931061
0.4860308766365051
0.22109811007976532
0.24359184503555298
0.23465415835380554
0.20731878280639648
2.388073444366455
0.7284548878669739
0.807382345199585
0.33124178647994995
0.3500973880290985
0.7039644122123718
0.5372931957244873
0.16320720314979553
0.4061330556869507
0.508852481842041
0.11387628316879272
0.21061009168624878
0.29914799332618713
0.5274032354354858
0.2412530779838562
0.22559937834739685
0.37121763825416565
0.16903778910636902
0.40009593963623047
0.31358984112739563
0.45797380805015564
0.7641021013259888
0.8077890872955322
0.38053011894226074
0.34539610147476196
0.2673323452472687
0.3940826654434204
0.29651325941085815
0.3990235924720764
0.38347291946411133
0.23304897546768188
0.2744276225566864
0.15393488109111786
0.6404670476913452
0.2107410430908203
0.3125822842121124
0.17778420448303223
0.19887137413024902
0.4794493019580841
0.5657446980476379
0.31697335839271545
0.2641442120075226
0.48324811458587646
0.18195980787277222
0.2766262888908386
0.3545774221420288
0.8905149698257446
0.3600621819496155
0.2536274492740631
0.8744981288909912
0.34876197576522827
0.2844200134277344
2.0459513664245605
0.2364504039287567
0.46789172291755676
0.5672438144683838
0.31533950567245483
0.6271877884864807
0.8838581442832947
0.35145682096481323
0.28250202536582947
0.2048681527376175
0.4460451006889343
0.33153876662254333
0.2882993817329407
0.12015087902545929
0.2737729251384735
0.20280593633651733
0.3576650023460388
0.20313894748687744
0.20203980803489685
0.3663918972015381
0.14654260873794556
0.26282766461372375
1.9610817432403564
0.2955789566040039
0.30610862374305725
0.23228874802589417
0.5108484029769897
0.4977495074272156
0.36846935749053955
0.21917939186096191
0.38221046328544617
0.3544565439224243
0.2048431932926178
0.6886717677116394
0.2517448961734772
0.37621796131134033
0.6227467656135559
0.26318931579589844
0.4204920530319214
0.7149397134780884
0.17328423261642456
0.24861080944538116
0.3506786525249481
0.26435303688049316
0.2351936399936676
0.6292504072189331
0.4630565643310547
0.25624626874923706
0.4056515693664551
0.3016085624694824
0.7229820489883423
0.602897584438324
0.3749428391456604
0.46797704696655273
0.8680548667907715
0.38972607254981995
0.6959501504898071
0.36920908093452454
0.28395071625709534
0.3923611640930176
0.5191593766212463
0.1917768120765686
0.28051796555519104
0.4941197335720062
0.2831427752971649
0.32147806882858276
0.3238939344882965
0.2199840098619461
0.15372367203235626
0.30624523758888245
0.28743332624435425
0.9546018838882446
0.42744654417037964
0.16578496992588043
0.4075842797756195
0.24817968904972076
0.28744736313819885
0.596157968044281
0.20641493797302246
0.374397337436676
0.3839477300643921
0.33711788058280945
0.2446633279323578
0.6153128743171692
0.8752467632293701
0.24722135066986084
0.20058321952819824
0.2129969596862793
0.17998920381069183
0.30698633193969727
0.2118414342403412
0.3678474426269531
0.8251162171363831
0.5597360134124756
0.25536954402923584
0.32854825258255005
0.36645495891571045
0.3135029673576355
0.29596826434135437
0.7110127210617065
0.5802675485610962
0.3211365342140198
0.3034602999687195
0.3241685628890991
0.7170912027359009
0.4960990846157074
0.12861202657222748
0.4654462933540344
0.4758216440677643
0.39658379554748535
0.292050302028656
0.272685170173645
0.4414025545120239
0.21010258793830872
0.28938740491867065
0.39048337936401367
0.36577028036117554
0.35757070779800415
0.7718941569328308
0.24199345707893372
0.25345492362976074
0.246333509683609
0.3413596451282501
0.34301936626434326
0.1991911232471466
0.29003462195396423
0.5196753740310669
0.33280378580093384
0.4553600549697876
0.17307332158088684
0.7282959818840027
0.5412234663963318
0.22486120462417603
0.2053024172782898
0.262576699256897
0.20619729161262512
0.3336348533630371
0.33612799644470215
0.1318645477294922
0.3057425320148468
0.18939834833145142
0.16890010237693787
0.2820778489112854
0.29604703187942505
0.21420150995254517
0.2665647268295288
0.4584757089614868
0.22347868978977203
0.2347104549407959
0.9083470106124878
0.49537181854248047
0.2463105022907257
0.4526970386505127
0.25818759202957153
0.3461635708808899
0.21405218541622162
0.16362091898918152
0.21137453615665436
0.2052161693572998
0.39344242215156555
0.34239840507507324
0.37463048100471497
0.4131786823272705
0.3946606516838074
0.15178577601909637
0.28365206718444824
0.32582712173461914
0.3079577088356018
0.44155439734458923
0.12204280495643616
0.3635566234588623
0.25837820768356323
0.19881680607795715
0.40058374404907227
0.47465476393699646
0.21999230980873108
0.3564987778663635
0.2907075583934784
0.27117544412612915
0.14411669969558716
0.5962002277374268
0.488900363445282
0.3067106008529663
0.24241453409194946
0.35449743270874023
0.22591614723205566
0.261433482170105
0.2547013461589813
0.3666975796222687
0.18727141618728638
2.1083202362060547
0.26917386054992676
0.4009569585323334
0.5844628810882568
0.6052242517471313
3.8584845066070557
0.29675599932670593
0.20719654858112335
0.2185576856136322
0.2594742774963379
0.20704475045204163
0.27080968022346497
0.24926500022411346
0.1864100843667984
0.34715530276298523
0.16603349149227142
0.3431437611579895
0.5898720026016235
0.21145978569984436
0.3965030014514923
0.2510002851486206
0.2443084418773651
0.35395658016204834
0.6174244284629822
0.984829843044281
0.2228817492723465
0.15756921470165253
1.2749993801116943
0.15467055141925812
0.40069952607154846
0.37857019901275635
0.3431251049041748
0.9064739346504211
0.827819287776947
0.21097108721733093
0.46717748045921326
0.17041225731372833
0.39675700664520264
0.5507676601409912
0.20013493299484253
0.3993563950061798
1.044019103050232
0.30520156025886536
0.34404200315475464
0.25097593665122986
0.19862203299999237
0.3190622627735138
0.2263302206993103
0.2646816372871399
0.24496686458587646
0.2484969198703766
0.1959514319896698
0.4162365794181824
0.26171618700027466
0.46582603454589844
1.0548534393310547
0.1752905696630478
0.5465350151062012
0.22058835625648499
0.20383095741271973
0.19494570791721344
0.15723258256912231
0.3125467300415039
0.22839419543743134
0.35571447014808655
0.2996589243412018
0.23990321159362793
0.3769051432609558
0.31204405426979065
0.33416029810905457
0.2856455147266388
0.3257479667663574
0.25374212861061096
0.35101497173309326
0.765479326248169
0.28224191069602966
0.684909462928772
0.34192001819610596
0.19510409235954285
0.22214949131011963
0.20048615336418152
1.0065090656280518
0.6666358113288879
0.2812817394733429
0.27222925424575806
0.18768270313739777
0.28178125619888306
0.26072490215301514
0.22551724314689636
0.33184078335762024
0.18557266891002655
0.3398129343986511
0.17740873992443085
0.44317924976348877
0.45275163650512695
0.5948134660720825
0.23467642068862915
0.29789629578590393
0.2729801833629608
0.329778254032135
1.112847089767456
0.2613931894302368
0.2637614905834198
0.6865190267562866
0.5170568823814392
0.27413737773895264
0.43494823575019836
1.0951822996139526
0.2984529137611389
0.32825565338134766
0.4153958559036255
0.19968929886817932
0.316001832485199
0.5318466424942017
0.6454286575317383
0.28575819730758667
0.3152095079421997
0.340969443321228
0.6034461855888367
0.4902980923652649
0.1635168194770813
0.17230510711669922
0.41115254163742065
0.3404708504676819
0.2931029200553894
0.2988356351852417
0.6533697843551636
0.35208767652511597
0.262450248003006
0.4718964099884033
0.7092220783233643
0.29322513937950134
0.3261774182319641
0.12671342492103577
0.38851460814476013
0.21662825345993042
0.2623153030872345
0.18101628124713898
0.19576197862625122
0.22912228107452393
0.33535036444664
3.184690475463867
0.13016334176063538
0.31746435165405273
0.45414918661117554
0.3954482674598694
0.7225813865661621
0.3365083932876587
0.3241342008113861
0.2387329339981079
0.3242124915122986
0.4117066264152527
0.4151155650615692
0.5017014741897583
0.49398329854011536
0.25637564063072205
0.2779863476753235
0.24106062948703766
0.3124249577522278
0.2469748854637146
0.13004189729690552
0.14282098412513733
0.3014748990535736
0.12222515791654587
0.2865240275859833
0.3040335774421692
0.15640051662921906
0.7014118432998657
0.599926233291626
0.18317225575447083
0.47924935817718506
0.5698208212852478
0.43419066071510315
0.2330738604068756
0.2546555995941162
0.15631899237632751
0.13086572289466858
0.20609226822853088
0.1898217797279358
0.8222381472587585
0.236482173204422
0.2183075249195099
0.298934668302536
0.3809320032596588
0.5368735790252686
0.1921805739402771
0.1624702513217926
0.3113511800765991
0.19617857038974762
0.5134525299072266
0.22166433930397034
0.22499477863311768
0.34437668323516846
0.22220805287361145
0.7110999822616577
0.27756163477897644
0.29965174198150635
0.2793079614639282
0.4053235650062561
0.6276743412017822
0.20578880608081818
0.2315581738948822
0.362896203994751
1.0363255739212036
0.1968662440776825
0.48900526762008667
0.26221907138824463
0.6172409057617188
0.2669413089752197
0.2777489423751831
0.41547366976737976
0.2351755052804947
0.3943563401699066
0.379142701625824
0.16982245445251465
0.5865219831466675
1.3653993606567383
0.25215810537338257
0.27837008237838745
0.170360267162323
0.6941366195678711
0.4511500597000122
0.25610360503196716
0.34765928983688354
0.363470196723938
0.49346548318862915
0.270352303981781
0.3496483862400055
0.31423360109329224
0.2844177484512329
0.3684466779232025
0.47373610734939575
0.27192699909210205
0.7563980221748352
0.4744550287723541
0.4450084865093231
0.23013228178024292
0.3611205220222473
0.36026233434677124
0.5995997190475464
0.3161528706550598
0.6749523878097534
0.7090421319007874
0.9126794338226318
0.209714874625206
0.4090385138988495
0.298321008682251
0.3181402087211609
0.36828935146331787
0.3685067296028137
0.28406521677970886
0.8033060431480408
0.22228428721427917
0.2542596161365509
0.26102691888809204
0.23901773989200592
0.25097739696502686
0.5925843715667725
0.39829981327056885
0.42066311836242676
0.14280924201011658
0.5429438352584839
1.024890661239624
0.5110588669776917
0.2326641082763672
0.3260183334350586
0.22241158783435822
0.5444597601890564
1.7071768045425415
0.24426674842834473
0.4036748707294464
0.18409618735313416
0.20873838663101196
0.5421619415283203
0.2626725435256958
0.3077782690525055
0.2021743357181549
0.5185254812240601
0.3023730218410492
0.24017775058746338
0.27783045172691345
0.2128630131483078
0.8307710289955139
1.0299348831176758
0.28702378273010254
0.291910320520401
0.3611678183078766
0.18478864431381226
0.1973927617073059
0.3710784912109375
0.6077246069908142
0.323098361492157
0.4747495651245117
0.5065921545028687
0.22272562980651855
0.20931553840637207
0.28393861651420593
0.6358098387718201
1.0202958583831787
0.28410792350769043
1.2584489583969116
0.26243001222610474
0.22125868499279022
0.19596117734909058
0.4461849331855774
0.25012844800949097
1.3232146501541138
0.572677493095398
0.18378493189811707
0.1930931955575943
0.21325111389160156
0.2782350182533264
0.1628601849079132
0.4508649408817291
0.6310151219367981
0.5742138624191284
0.2994229793548584
0.5529650449752808
0.3557303249835968
0.21327701210975647
0.38749873638153076
0.5200400352478027
0.27599480748176575
0.45133596658706665
0.19208502769470215
0.15408220887184143
0.26253440976142883
0.16584806144237518
0.3465609550476074
0.4041866958141327
0.6768873929977417
0.9045125246047974
0.3410468101501465
0.13719815015792847
0.38223424553871155
0.4813652038574219
0.326909601688385
0.17470672726631165
0.20785003900527954
0.8300708532333374
0.9082497954368591
0.9854987859725952
0.20008277893066406
1.0370665788650513
0.3924633264541626
0.27251505851745605
0.5472083687782288
0.5647927522659302
0.16929194331169128
0.28429168462753296
0.1423947513103485
0.26558539271354675
0.8118060827255249
0.2847757339477539
0.6687989830970764
0.48932796716690063
0.319197416305542
0.20567810535430908
0.311423659324646
0.518141508102417
1.259016990661621
0.1933656930923462
0.3161030411720276
0.22411346435546875
0.2793108820915222
0.5158913731575012
0.24577578902244568
0.2659780979156494
0.18258772790431976
0.21074730157852173
0.2958478033542633
1.250390887260437
0.6913854479789734
0.3735648989677429
0.33840668201446533
0.6961965560913086
0.4099375605583191
0.6729943156242371
0.16400563716888428
0.37895771861076355
0.20681597292423248
0.28842562437057495
0.5499289035797119
0.194403737783432
0.27640289068222046
0.16150961816310883
0.3036779761314392
0.3761478662490845
0.37104368209838867
0.2260989546775818
0.29916590452194214
0.17973116040229797
0.21136802434921265
0.14580276608467102
0.271363228559494
0.32325494289398193
0.3463733196258545
0.20734605193138123
0.19268636405467987
0.49013909697532654
0.7115468978881836
0.21629396080970764
0.31258028745651245
0.19976988434791565
0.15696176886558533
0.5906837582588196
0.2646026909351349
1.0270118713378906
0.3469397723674774
0.25481101870536804
0.3605385720729828
0.5243455171585083
0.14971262216567993
0.23180681467056274
0.32875344157218933
0.2241641879081726
0.2423326075077057
0.1888655424118042
0.25486984848976135
0.34995269775390625
0.1767147183418274
0.2985720634460449
0.49973541498184204
0.3168255090713501
0.42707347869873047
0.24106815457344055
0.4201928675174713
0.23230567574501038
0.21737051010131836
0.22708269953727722
0.40759041905403137
0.436805784702301
0.6392053365707397
0.6209104061126709
0.41116365790367126
0.3288109302520752
0.3201919198036194
0.22193419933319092
0.5009961128234863
0.27821582555770874
0.15581263601779938
0.3096177279949188
0.6315277218818665
1.438694953918457
0.489579439163208
0.8986354470252991
0.33154618740081787
0.33765387535095215
0.36671850085258484
0.27999046444892883
0.9699846506118774
0.4986535906791687
0.38221412897109985
0.15988242626190186
0.18345575034618378
0.29713019728660583
0.30919787287712097
0.2748487591743469
0.43482422828674316
0.5374722480773926
0.30846473574638367
0.3095460534095764
0.4870343804359436
0.778235673904419
0.5658801794052124
0.5040531158447266
0.22039884328842163
0.2265913486480713
0.2878049612045288
0.20972594618797302
0.23173192143440247
0.30724847316741943
0.29339373111724854
0.3613002896308899
0.37867677211761475
0.1479882299900055
0.24091213941574097
0.6512472629547119
0.39580559730529785
0.5928903818130493
0.397507905960083
0.37284404039382935
0.3643505573272705
0.5108567476272583
0.13838578760623932
0.2711767256259918
0.15503093600273132
1.561463713645935
0.3490781784057617
0.32425257563591003
0.2740352749824524
0.2758769989013672
0.2771037518978119
0.4638133943080902
0.33194077014923096
0.5189846754074097
0.16033883392810822
0.8451260328292847
0.26382359862327576
0.5846092700958252
0.8170698881149292
0.19254811108112335
0.17169153690338135
1.5799607038497925
0.7999587059020996
0.7683534026145935
0.2047366350889206
0.2719310224056244
0.8087939620018005
0.35589471459388733
0.3863861858844757
0.20463986694812775
0.32330307364463806
0.3032790720462799
0.773161768913269
0.30783942341804504
0.3409428298473358
0.3584955334663391
0.2123834490776062
0.5453391075134277
0.44755804538726807
0.9118663668632507
0.18456926941871643
0.16578790545463562
0.14865803718566895
0.20524632930755615
0.5748138427734375
0.21147550642490387
0.20805469155311584
0.28930366039276123
0.3913508951663971
0.581667423248291
0.7986359000205994
0.28504595160484314
0.17855989933013916
0.5361262559890747
0.1560523957014084
0.27591902017593384
0.2574206292629242
0.48874717950820923
0.17794254422187805
0.26833218336105347
0.14795316755771637
0.3074316084384918
0.3129737377166748
0.19487234950065613
0.2773846983909607
0.20362967252731323
0.1745108962059021
0.27171045541763306
0.2578743100166321
0.17969009280204773
0.29389017820358276
0.2823190689086914
0.36526384949684143
0.28687530755996704
0.7092828750610352
0.578312873840332
0.6089327931404114
0.40078961849212646
0.5220864415168762
0.6917535066604614
0.24435463547706604
0.2610824704170227
0.5260868072509766
0.4385008215904236
1.397691249847412
0.35904017090797424
0.27652978897094727
0.25641754269599915
0.2603238523006439
0.32627153396606445
0.4592910408973694
0.39033243060112
0.6064448356628418
0.5966916084289551
0.2647159695625305
0.5330021381378174
0.3832011818885803
0.33070164918899536
0.23199185729026794
0.2996631860733032
0.22307923436164856
0.22034519910812378
0.21413707733154297
0.4696575403213501
0.1552804559469223
0.33306440711021423
0.6588027477264404
0.27447983622550964
0.45734789967536926
0.28984832763671875
0.33073148131370544
0.40532562136650085
0.13853171467781067
0.1726861447095871
0.162948876619339
0.1748255044221878
0.25102362036705017
0.134423166513443
0.210728719830513
0.17967896163463593
0.3144409656524658
0.4822849929332733
0.34809547662734985
0.1781836897134781
0.25424423813819885
0.37753331661224365
0.8777548670768738
0.19019746780395508
0.5490557551383972
0.3978736400604248
0.2835651934146881
0.5660722255706787
0.21854916214942932
0.5147470235824585
0.23996534943580627
0.22624555230140686
0.41917884349823
0.468799889087677
0.30197587609291077
0.6952025294303894
0.5601617097854614
0.44776999950408936
0.5892539620399475
0.23045344650745392
0.19771766662597656
0.29763442277908325
0.14739641547203064
0.19940122961997986
0.7092326879501343
0.20678593218326569
0.304743230342865
0.1668427437543869
0.24798335134983063
0.22173437476158142
0.2258850634098053
0.12147297710180283
0.6981265544891357
0.20195254683494568
0.3817123472690582
0.560439944267273
1.1439529657363892
0.4361225366592407
0.37007153034210205
0.11569637060165405
0.445514976978302
0.6782616376876831
0.2780616879463196
0.42190471291542053
0.28890493512153625
0.2025715559720993
0.40960758924484253
0.3029143810272217
0.1851203739643097
0.2630392909049988
0.22890642285346985
0.2872963547706604
0.2797330617904663
0.47707095742225647
0.14918184280395508
0.2901235520839691
0.23657427728176117
0.1714041531085968
0.2552686631679535
0.3558770418167114
0.26258447766304016
0.3807595670223236
0.28599706292152405
0.21527741849422455
0.4735361337661743
0.10464544594287872
0.21596242487430573
0.15193621814250946
0.25284260511398315
0.2196502834558487
0.15836352109909058
0.45125117897987366
0.3719174265861511
0.333205908536911
0.21898874640464783
0.45125412940979004
0.22090980410575867
0.22316664457321167
0.3327770233154297
0.5850650668144226
0.5584208965301514
0.2361825704574585
0.3151382803916931
0.1363976001739502
0.17477865517139435
0.3663311302661896
0.42188823223114014
0.19030973315238953
0.1907086968421936
0.6292954087257385
0.14849254488945007
0.1504870355129242
0.2916180491447449
0.5556931495666504
0.2967790961265564
0.18044164776802063
0.2339305430650711
0.241201251745224
0.17973849177360535
0.2681325078010559
1.0577342510223389
0.3444356620311737
0.312412291765213
0.2831753194332123
0.31402796506881714
0.29044175148010254
0.28051501512527466
0.3534170687198639
0.27601367235183716
0.3089976906776428
0.620381772518158
0.20747089385986328
0.24188420176506042
0.2678203582763672
0.794873833656311
0.20339468121528625
0.4256383776664734
0.35952556133270264
0.2396349310874939
0.1718035340309143
0.18628782033920288
0.5851159691810608
0.44006091356277466
0.14741848409175873
0.9439737200737
0.40036869049072266
0.17602577805519104
0.2111320197582245
0.41356101632118225
0.24425017833709717
0.15710166096687317
0.27603673934936523
0.2429005354642868
0.1404443085193634
0.48821452260017395
0.974069356918335
0.6347616910934448
0.36820948123931885
0.33415699005126953
0.12647515535354614
0.5917348861694336
0.34071215987205505
0.1798086166381836
0.194806769490242
0.4837155342102051
0.4045088291168213
0.4021194875240326
0.17853263020515442
0.24077939987182617
0.2556253671646118
0.18496330082416534
0.1853516548871994
1.0483758449554443
0.30436551570892334
0.35944873094558716
0.26285117864608765
0.4944555163383484
0.1560250222682953
0.6535179615020752
0.3197000026702881
0.5924811363220215
1.133162260055542
0.1508924663066864
0.702246904373169
0.4323815107345581
0.1537703275680542
0.4365175664424896
0.17898690700531006
0.27125298976898193
0.20006856322288513
0.3260851800441742
0.14576038718223572
0.4253098666667938
0.2568850815296173
0.3116333484649658
0.5470859408378601
0.17125724256038666
0.6891005039215088
0.3120787739753723
0.20282256603240967
0.1951894760131836
0.4106341004371643
0.26296088099479675
0.4730466604232788
0.44778135418891907
0.4433155655860901
0.4623672664165497
0.320434033870697
0.19744589924812317
0.2227577120065689
0.22189266979694366
0.1984807848930359
0.2851805090904236
0.20263808965682983
0.5169928073883057
0.30484721064567566
0.14748001098632812
0.9832611680030823
0.5032541751861572
0.2809380292892456
0.21592718362808228
0.3217449486255646
0.23738138377666473
0.4373319745063782
0.27882328629493713
0.9614264965057373
0.19048108160495758
0.3229418098926544
0.21159721910953522
0.23649713397026062
0.28878724575042725
0.12711554765701294
0.19201801717281342
0.715585470199585
0.6427205801010132
0.39479178190231323
0.508807361125946
0.22547489404678345
0.29052314162254333
0.39494818449020386
0.29085975885391235
0.25176626443862915
0.32994991540908813
0.35459381341934204
0.5202209949493408
1.0127366781234741
0.11809398233890533
0.3761714994907379
0.1384817361831665
0.19892853498458862
0.12775543332099915
0.5832235217094421
0.20655931532382965
0.489205002784729
0.445804238319397
0.4267234206199646
0.3296823501586914
0.251550555229187
0.4549817144870758
0.1665002405643463
0.41022789478302
0.3016170263290405
0.25034114718437195
0.431674599647522
0.14635804295539856
0.27882882952690125
0.26884880661964417
0.19687870144844055
0.342843621969223
0.1836441457271576
0.38101649284362793
0.4896494150161743
0.48559731245040894
0.391768217086792
0.39894717931747437
0.8077153563499451
0.20690801739692688
0.36908435821533203
0.1968519389629364
0.2365778386592865
0.2356085181236267
0.4820690155029297
0.6165412664413452
0.27568769454956055
0.16709645092487335
0.3713487386703491
0.3124350309371948
0.28899872303009033
0.3244336247444153
0.22786608338356018
0.18283510208129883
0.4182722270488739
0.2269369512796402
0.25749409198760986
0.30735450983047485
0.24260541796684265
0.30571281909942627
0.34973907470703125
0.42699962854385376
0.11102774739265442
0.1498662829399109
0.25128257274627686
0.25921016931533813
0.39089763164520264
0.23726654052734375
0.44832122325897217
0.15029335021972656
0.21422304213047028
0.34153974056243896
0.24425873160362244
0.22373239696025848
0.30769580602645874
0.303876131772995
1.0008859634399414
0.3189592957496643
0.2515805661678314
0.41428083181381226
0.27599266171455383
0.16660523414611816
0.4105677008628845
0.3101344704627991
0.17125433683395386
0.9205447435379028
0.296669065952301
0.2470172494649887
0.20203182101249695
0.20733694732189178
0.2821536362171173
0.23406216502189636
0.21457263827323914
0.34212130308151245
0.16204559803009033
0.23766779899597168
0.4680718183517456
0.1569189727306366
0.5153263807296753
0.20314225554466248
0.3005923330783844
0.15202751755714417
0.3351302742958069
0.2573080062866211
0.6179254055023193
0.9638389348983765
0.34860581159591675
0.23000158369541168
0.2800165116786957
0.326210618019104
0.21620355546474457
1.0617847442626953
0.2855125367641449
0.24902285635471344
0.5970715880393982
0.5298759937286377
0.14956256747245789
0.1933961808681488
0.37217313051223755
0.3333871364593506
0.2901870310306549
0.3821948766708374
0.21680353581905365
0.4955250918865204
0.3148355484008789
0.33316290378570557
0.1677326261997223
0.32575520873069763
0.21128427982330322
0.1591322422027588
0.46427297592163086
0.326468288898468
0.22582605481147766
0.4200480580329895
0.2796100080013275
0.3120346963405609
0.19926850497722626
1.0310935974121094
0.17172016203403473
0.26573848724365234
0.1893291175365448
0.19528961181640625
0.459097683429718
0.2513630986213684
0.3236066997051239
0.33034178614616394
0.1874319314956665
0.29856812953948975
0.2505485415458679
0.2697117030620575
0.39660996198654175
0.28108739852905273
0.30145683884620667
0.36285632848739624
0.2745113670825958
0.3942280113697052
0.7976926565170288
0.26534727215766907
0.16191628575325012
0.22660841047763824
0.32569795846939087
0.41613268852233887
0.4018263816833496
0.5601997971534729
0.3769993782043457
0.3615730404853821
0.164123073220253
0.1482900232076645
0.22073352336883545
0.1750860959291458
0.18442890048027039
0.14588254690170288
0.49461036920547485
0.1765986680984497
0.975954532623291
0.38187962770462036
0.3572736382484436
0.21202506124973297
0.6376426219940186
0.23437923192977905
0.25625407695770264
0.21088099479675293
0.25657498836517334
0.18241801857948303
0.3007082939147949
0.26553407311439514
0.18489079177379608
0.2542078197002411
0.3338569402694702
0.4421263635158539
0.22207409143447876
0.23915626108646393
0.6287007331848145
0.2109459936618805
0.21103417873382568
0.16417855024337769
0.33589720726013184
0.240523099899292
0.18244923651218414
0.33991435170173645
0.36860761046409607
0.2887559235095978
0.18499557673931122
0.5023128986358643
0.23394522070884705
0.37188878655433655
0.2920135259628296
0.30011042952537537
0.49653226137161255
0.2864258587360382
0.1853102743625641
0.24259187281131744
0.24985939264297485
0.17747797071933746
0.17797446250915527
0.2229277491569519
0.2531393766403198
0.4513258934020996
0.2255599945783615
0.29072755575180054
0.3004729449748993
0.23801347613334656
0.22694677114486694
0.5332005620002747
0.2563568949699402
0.2340088188648224
0.5487593412399292
0.18297025561332703
0.23252293467521667
0.252754807472229
0.3050123453140259
0.41644078493118286
0.4567067623138428
0.25325456261634827
0.37672168016433716
0.3099345564842224
0.28610658645629883
0.18444199860095978
1.3418313264846802
0.1912364363670349
0.377249538898468
0.18822535872459412
0.45137983560562134
0.2941027879714966
0.3166015148162842
0.2997070252895355
0.14080102741718292
0.21690168976783752
0.2162165641784668
0.3391385078430176
0.5043049454689026
0.30899208784103394
0.3060816824436188
0.2511410117149353
0.1474839299917221
0.17248153686523438
0.39849650859832764
0.47728919982910156
0.26350313425064087
0.28963011503219604
0.5869166851043701
0.2519257664680481
0.34611067175865173
0.1582964062690735
0.20400744676589966
0.19639356434345245
0.35461750626564026
0.2764046788215637
0.11637367308139801
0.32784244418144226
0.30541515350341797
0.31892159581184387
0.27673548460006714
0.2667185068130493
0.22939246892929077
0.5617906451225281
1.1455382108688354
0.48369571566581726
1.198230266571045
0.24055635929107666
0.38163816928863525
0.3209529519081116
0.6670528650283813
0.39950352907180786
0.18523351848125458
0.27413612604141235
0.3052401542663574
0.3839039206504822
0.17387953400611877
0.299723744392395
0.7837973833084106
0.25953391194343567
0.1925736516714096
0.38139981031417847
0.2039009928703308
0.14766132831573486
0.21560454368591309
0.4084472954273224
0.30334341526031494
0.2079632580280304
0.262836217880249
0.19313830137252808
0.49499446153640747
0.16817417740821838
0.3332107961177826
0.6090772151947021
0.201240673661232
0.35104572772979736
0.39223340153694153
0.20371657609939575
0.3142482042312622
0.25480592250823975
0.5378714799880981
0.25073209404945374
0.3008659780025482
0.6180293560028076
0.3354972004890442
0.1758234202861786
0.1536981165409088
0.2380749136209488
0.3007879853248596
0.16467702388763428
0.18407464027404785
0.19730234146118164
0.20232996344566345
0.37945637106895447
0.2203456610441208
0.18987539410591125
0.1660594642162323
0.13908585906028748
0.3752918541431427
0.13180425763130188
0.9188918471336365
0.3782358169555664
0.337361216545105
0.2417660355567932
0.233707457780838
0.3431699275970459
0.9157127737998962
0.3188319802284241
0.14648857712745667
0.2366548776626587
0.3565519452095032
0.7445774674415588
0.2699902057647705
0.19072547554969788
0.21293535828590393
0.15981927514076233
0.4308997094631195
0.19442370533943176
0.17279735207557678
0.23385243117809296
0.19984056055545807
0.35293668508529663
0.24901491403579712
0.25125280022621155
0.12950372695922852
0.3509506285190582
0.3008841872215271
0.789137601852417
0.29591816663742065
1.0439355373382568
0.5777490139007568
0.11891090869903564
0.3775103688240051
0.2544822096824646
0.13433876633644104
0.24370959401130676
0.23515169322490692
0.1849987953901291
0.23554463684558868
0.30996400117874146
0.3275666832923889
0.5221113562583923
0.17569810152053833
0.302806556224823
0.17094138264656067
0.1812465935945511
0.2679843604564667
0.3797767460346222
0.39561569690704346
0.2814863920211792
0.19049502909183502
0.22185766696929932
0.30538612604141235
0.378350168466568
0.16611583530902863
0.2066173553466797
0.3869192600250244
0.7943328022956848
0.23317261040210724
0.5658025741577148
0.28905636072158813
0.5800824165344238
0.2781561017036438
0.28635668754577637
0.3206981420516968
0.15400949120521545
0.17658764123916626
0.39295724034309387
0.15444937348365784
0.17775198817253113
0.5386041402816772
0.24023741483688354
0.19967812299728394
0.3539711534976959
0.38602471351623535
0.18161755800247192
0.37839919328689575
0.29775673151016235
0.42635828256607056
0.35354194045066833
0.2522706389427185
0.18181991577148438
0.26221922039985657
0.5312634706497192
0.35484591126441956
0.21335497498512268
0.22914844751358032
0.1789604127407074
0.26738715171813965
0.23052075505256653
0.17038577795028687
0.29336094856262207
0.8787050247192383
0.42724353075027466
0.9656311869621277
0.5170586109161377
0.300280898809433
0.2856534719467163
0.1530900001525879
0.40529465675354004
0.5823051333427429
0.28273794054985046
0.2824490964412689
0.3113453984260559
0.28216004371643066
0.2140481024980545
0.20902904868125916
0.32132330536842346
0.206654354929924
0.34224969148635864
0.19205325841903687
0.1762838214635849
0.13010281324386597
0.2510264217853546
0.5059853792190552
0.35081812739372253
0.15671522915363312
0.515838623046875
0.3417338728904724
0.2866905927658081
0.49465301632881165
0.27990397810935974
0.16823522746562958
0.38299548625946045
0.25315412878990173
0.15961335599422455
0.43533265590667725
0.2281336784362793
0.14368842542171478
0.6257758140563965
0.2090291678905487
0.5495582222938538
0.21802286803722382
0.1771194189786911
0.3973606824874878
0.2661338746547699
0.33984196186065674
0.14738625288009644
0.27684929966926575
0.12950004637241364
0.7082635760307312
0.32608476281166077
0.17310050129890442
0.36269164085388184
0.307114839553833
0.11326819658279419
0.3151799738407135
0.4775846600532532
0.2258395552635193
0.21672284603118896
0.2694459557533264
0.3141627609729767
0.19349130988121033
0.21414822340011597
0.24708159267902374
0.3278040289878845
0.20072385668754578
0.24874688684940338
0.18452659249305725
0.2508526146411896
0.1742333471775055
0.35768160223960876
0.22730538249015808
0.7921255230903625
0.4097181558609009
0.34715035557746887
0.30150657892227173
0.24977119266986847
0.783441960811615
0.9502173662185669
0.41200733184814453
0.1666644811630249
0.4979284405708313
0.2170669585466385
0.22174853086471558
0.8195761442184448
0.3022406995296478
0.17835596203804016
0.20307521522045135
0.18239718675613403
0.192486971616745
0.19590863585472107
0.20888733863830566
0.3038085103034973
0.18122541904449463
0.2453053891658783
0.9964290857315063
0.2709920406341553
0.3556867241859436
0.21086981892585754
0.30250662565231323
0.2669726014137268
0.560401201248169
0.42353355884552
0.3091636896133423
0.33528435230255127
0.7515259981155396
1.0555756092071533
0.22176359593868256
0.19985154271125793
0.34778735041618347
0.23329108953475952
0.29697686433792114
0.9975509643554688
0.19926205277442932
0.20886805653572083
1.0321877002716064
0.23871809244155884
0.2933235764503479
0.32864609360694885
0.6032928228378296
0.25851941108703613
0.8035762906074524
0.28610068559646606
0.39712369441986084
0.13800638914108276
0.3920091986656189
0.18612396717071533
0.22592754662036896
0.23093795776367188
0.23123162984848022
0.4552168846130371
0.44151338934898376
0.2650136351585388
0.1631469428539276
0.248515784740448
0.20531359314918518
0.6490681767463684
0.14714500308036804
0.2194294035434723
0.12020540237426758
0.16491955518722534
0.2514089047908783
0.17151492834091187
0.25383511185646057
0.2744086682796478
0.24746763706207275
0.3720288872718811
0.24385572969913483
0.14735764265060425
0.2659851610660553
0.28639689087867737
0.6379494667053223
0.19155055284500122
0.32985877990722656
1.7423447370529175
0.3334478735923767
0.33897215127944946
0.791023850440979
0.4045080244541168
0.21338051557540894
0.16405771672725677
0.28336966037750244
0.503563642501831
0.22683390974998474
0.10449501127004623
0.5696730017662048
0.19383451342582703
0.21398253738880157
0.30585819482803345
0.6444382667541504
0.9019940495491028
1.7722039222717285
0.33772364258766174
0.4773232042789459
0.7993572354316711
0.393695592880249
0.30329430103302
0.3437884747982025
0.1290867030620575
0.7545157074928284
0.6308233141899109
0.43729105591773987
0.30001744627952576
0.22958430647850037
1.2029366493225098
0.4633214771747589
0.2424188256263733
0.19328202307224274
0.28469350934028625
0.15711036324501038
0.17882117629051208
0.18467818200588226
0.32485097646713257
0.2060231864452362
0.13023456931114197
0.9576945304870605
0.3003697395324707
0.23919659852981567
0.15418735146522522
0.39223507046699524
0.1726676970720291
0.2935386598110199
0.3735943138599396
0.5232448577880859
0.2799384295940399
0.24684861302375793
0.1776007115840912
0.28391340374946594
0.3394724726676941
0.278880774974823
0.1808457374572754
0.4176933765411377
0.4982742965221405
0.9126501083374023
0.458310604095459
0.23964238166809082
0.40248262882232666
0.533799409866333
0.3438166379928589
0.22842960059642792
0.23520296812057495
0.5958948135375977
0.2536686956882477
0.21672585606575012
0.6511784791946411
0.1900215744972229
0.2831484377384186
0.3894592523574829
0.31533926725387573
0.24153244495391846
0.2664187550544739
0.5384765863418579
0.3389022946357727
0.21199509501457214
0.2917701005935669
0.259850412607193
0.19216468930244446
0.42224442958831787
0.30331873893737793
0.521289587020874
0.37345635890960693
0.22096946835517883
0.24092090129852295
0.20449873805046082
0.45458507537841797
0.32532891631126404
0.43700557947158813
0.12826037406921387
0.3218103051185608
0.2062048316001892
0.29494649171829224
0.23863041400909424
0.28196871280670166
0.19834843277931213
0.1774756759405136
0.2660713195800781
0.1954997181892395
0.2507113218307495
0.3437184691429138
0.3315582871437073
0.35814252495765686
0.1688532531261444
0.48509013652801514
0.7029278874397278
0.1307542622089386
0.5404311418533325
0.18655571341514587
0.24212798476219177
0.17135554552078247
0.21499693393707275
0.20022979378700256
0.1950448453426361
0.21418482065200806
0.15662823617458344
0.27132660150527954
0.20525018870830536
0.2012709379196167
0.2477695345878601
0.1583566516637802
0.14636579155921936
0.16611644625663757
0.4388994574546814
0.13046017289161682
0.4201453924179077
0.30413877964019775
0.3663100004196167
0.20259159803390503
0.2889126241207123
0.23967719078063965
0.16358181834220886
0.43759310245513916
0.32248595356941223
0.1937255561351776
0.38277339935302734
0.46894532442092896
0.8745547533035278
0.25904905796051025
0.30364930629730225
0.2905694842338562
0.12262961268424988
0.4189754128456116
1.04587984085083
0.2189735323190689
0.3434242904186249
0.24328196048736572
0.2925527095794678
0.3200218677520752
0.25953471660614014
1.100860834121704
0.3554218113422394
0.1914842128753662
0.26757997274398804
0.2345152050256729
0.2600215673446655
0.4085116982460022
0.25725486874580383
0.19699953496456146
0.22805513441562653
0.2751333713531494
0.17528671026229858
0.2432001382112503
0.2602587342262268
0.25983771681785583
1.0460684299468994
0.4745541214942932
0.18793249130249023
0.22117888927459717
0.17257003486156464
0.45976150035858154
0.3165268003940582
0.3010968565940857
0.23391544818878174
0.21936102211475372
0.9318349361419678
0.32979103922843933
0.5431637167930603
0.25492557883262634
0.5991323590278625
0.4606989622116089
0.2928908169269562
0.2570914030075073
0.17424672842025757
0.4372730851173401
0.19585728645324707
0.34006834030151367
0.4097673296928406
0.124985471367836
0.4662855267524719
0.3875270485877991
0.26011109352111816
0.1711224615573883
0.39356470108032227
1.0536152124404907
0.2727685272693634
0.47877830266952515
0.35495659708976746
0.2304568588733673
0.2039649337530136
0.17241592705249786
0.5112162232398987
0.25209078192710876
0.14837558567523956
0.23781347274780273
0.23469702899456024
0.3446913957595825
0.6837919354438782
1.0151609182357788
0.22595182061195374
0.3382953405380249
0.368166446685791
0.19202685356140137
0.5565972328186035
0.17945444583892822
1.0404064655303955
0.20210574567317963
0.2943252921104431
0.33360520005226135
0.3484486937522888
0.2803941071033478
0.4641623795032501
0.33159080147743225
0.22984495759010315
0.6147618293762207
0.181778222322464
0.15501105785369873
0.20824584364891052
0.22829335927963257
0.48980599641799927
0.28401488065719604
0.1813485026359558
0.9240594506263733
0.2789303660392761
0.4305031895637512
0.3754388093948364
0.16578346490859985
0.31470078229904175
0.8991006016731262
0.25109976530075073
0.45404908061027527
0.1725500524044037
0.321876585483551
0.17748601734638214
0.2973335087299347
0.23854950070381165
1.082241415977478
0.26700371503829956
0.21275240182876587
0.2795292139053345
0.323454350233078
0.2389473021030426
0.41489917039871216
0.46751174330711365
0.26944559812545776
0.23518571257591248
0.3247283101081848
0.4593338668346405
0.25479114055633545
0.17904752492904663
0.18748030066490173
0.26782694458961487
0.23412136733531952
0.43028324842453003
0.18707063794136047
0.1986856758594513
0.27603787183761597
0.5406739711761475
0.37674763798713684
0.21641451120376587
0.3009504973888397
0.29115045070648193
0.2384638786315918
0.2630355954170227
0.24770794808864594
0.2480291724205017
0.9245901107788086
0.2490924745798111
0.2648225426673889
0.183710515499115
0.21586106717586517
0.22009313106536865
0.2015807032585144
0.2562963664531708
0.3073177635669708
0.25803524255752563
0.24197323620319366
0.19919921457767487
0.4974506199359894
0.34257394075393677
0.26932090520858765
0.2375875562429428
0.6387494802474976
0.21864363551139832
0.24669526517391205
0.3035132884979248
0.2598874866962433
0.2984643280506134
0.21138375997543335
0.5453537702560425
0.3234611451625824
0.12255792319774628
0.35757097601890564
0.13338829576969147
0.29399213194847107
0.17201344668865204
0.30487728118896484
0.17332202196121216
0.24460363388061523
0.17541751265525818
0.24760590493679047
0.9321401119232178
0.4697467088699341
0.35625725984573364
0.31929415464401245
0.135847270488739
0.36464059352874756
0.18588878214359283
0.15525157749652863
0.27053147554397583
0.28247973322868347
0.18688324093818665
0.22447752952575684
0.20511148869991302
0.23100894689559937
0.1845894306898117
0.23911361396312714
0.21088570356369019
0.5678150653839111
0.8738261461257935
0.1691540777683258
0.32124894857406616
0.3025985658168793
0.3897528648376465
0.2542479634284973
0.1784846931695938
0.11008908599615097
0.15902481973171234
0.5444737672805786
0.20952561497688293
0.13987991213798523
0.2363612800836563
0.1862209141254425
0.41696393489837646
1.0002390146255493
0.35627928376197815
0.27976399660110474
0.8749129772186279
0.28104889392852783
0.9375964403152466
0.17396311461925507
0.22816134989261627
0.164508655667305
0.44176071882247925
0.3995994031429291
0.3760128617286682
0.3449319899082184
0.16848620772361755
0.2218601554632187
0.29396480321884155
0.40851038694381714
0.27083006501197815
0.2783951163291931
0.3776938319206238
0.22876542806625366
0.24257051944732666
0.17905810475349426
0.2602415680885315
0.33258768916130066
0.3927238881587982
0.24850891530513763
0.6244125366210938
0.39252719283103943
0.2514050602912903
0.2885868549346924
0.2862476408481598
0.26798152923583984
0.48832181096076965
0.4101347327232361
0.5927693247795105
0.3405376672744751
1.1751142740249634
0.20919902622699738
0.2144905924797058
0.6763220429420471
0.19785112142562866
0.21254664659500122
0.24989572167396545
0.17243501543998718
0.1334897130727768
0.14941030740737915
0.3331449031829834
0.40561699867248535
0.3198116421699524
0.29360902309417725
0.3021900951862335
0.9062492847442627
0.18023212254047394
0.167275071144104
0.20545142889022827
0.1697479486465454
0.5119539499282837
0.3441025912761688
0.22960194945335388
0.17092525959014893
0.24707110226154327
0.4591714143753052
0.31291842460632324
0.17176944017410278
0.2573494017124176
0.20483669638633728
0.2592918574810028
0.7440906763076782
0.22870106995105743
0.37602728605270386
0.19346722960472107
0.3262421190738678
0.4597639739513397
0.2050473392009735
0.350544810295105
0.20517078042030334
0.3840251863002777
0.29398128390312195
0.12140356004238129
0.2705521881580353
0.1867721974849701
0.2536023259162903
0.28403639793395996
0.17326733469963074
0.28739553689956665
0.41019967198371887
0.28677400946617126
0.4856499135494232
0.5005444288253784
0.22248628735542297
0.2368462085723877
0.5295604467391968
0.2591007649898529
0.2507292926311493
0.3583885729312897
0.25296545028686523
0.26302769780158997
0.2954917252063751
0.13770265877246857
0.15746808052062988
0.2880142331123352
0.3864813446998596
0.27021434903144836
0.21235619485378265
0.45801928639411926
0.4257039427757263
0.3314487338066101
0.32432809472084045
0.44307953119277954
0.2929844856262207
0.1593693494796753
0.14180245995521545
0.344036340713501
0.47326481342315674
0.47736698389053345
0.3882902264595032
0.20126311480998993
0.16499865055084229
0.434935986995697
0.2937033772468567
0.25247541069984436
0.2726423740386963
0.34431931376457214
0.12091099470853806
0.2901991605758667
0.3697621524333954
0.49093008041381836
0.23019003868103027
0.12096066027879715
0.2768455743789673
0.16931971907615662
0.44917047023773193
0.4732794761657715
0.12189199030399323
0.9346194267272949
0.17442047595977783
0.19714225828647614
0.34275394678115845
0.18885457515716553
0.17585070431232452
0.12414410710334778
0.25098952651023865
0.3128242492675781
0.330331951379776
0.15386566519737244
0.2986021637916565
0.28759559988975525
0.46833354234695435
0.2636726200580597
0.2902779281139374
0.18948999047279358
0.30255505442619324
0.4624442160129547
0.3193541169166565
0.18341682851314545
0.1747317910194397
0.27863895893096924
0.13663554191589355
0.3705993890762329
0.16750305891036987
0.2747998535633087
0.24402152001857758
0.09079387038946152
0.29342231154441833
0.2663155198097229
0.22624501585960388
0.17697402834892273
0.2937435507774353
0.43100130558013916
0.2899426221847534
0.2801840305328369
0.5291508436203003
0.3479475975036621
0.16734716296195984
0.23783856630325317
0.3134113550186157
0.36970779299736023
0.21275193989276886
0.23004373908042908
0.44206687808036804
0.5066243410110474
0.37251150608062744
0.22749921679496765
0.4874851703643799
0.39952510595321655
0.1984349936246872
0.37408214807510376
0.31563901901245117
0.2616174817085266
0.2434278428554535
0.16172745823860168
0.19534721970558167
0.3327229619026184
0.33676958084106445
0.31298255920410156
0.1577853262424469
0.24345257878303528
0.18143236637115479
0.18639278411865234
0.2692302167415619
0.13296809792518616
0.2316761016845703
0.33310937881469727
0.2004726678133011
0.24471011757850647
0.24410629272460938
0.14129862189292908
0.3103252649307251
1.0353591442108154
0.1809154599905014
0.4452335834503174
0.3416094183921814
0.274569034576416
0.3348342180252075
0.3487599790096283
0.2360086888074875
0.27415943145751953
0.3336948752403259
0.24398629367351532
0.2316584587097168
0.22252517938613892
0.21041329205036163
0.19128359854221344
0.2718827426433563
0.20564620196819305
0.1488819718360901
0.16189591586589813
0.42364180088043213
0.600021243095398
0.2458130419254303
0.19241410493850708
0.40643659234046936
0.27179524302482605
0.3427349328994751
0.20768584311008453
0.2592887878417969
0.2988818883895874
0.4223620891571045
0.2668702304363251
0.33916258811950684
0.21543854475021362
0.24606259167194366
0.31136107444763184
0.4376514256000519
0.19166231155395508
0.33480963110923767
0.41752147674560547
0.36487510800361633
0.20077911019325256
0.2756860554218292
0.2720794677734375
0.4198247194290161
0.3194023370742798
0.555009126663208
0.2069993019104004
0.23704703152179718
0.3753596842288971
0.2567495107650757
0.5773516893386841
0.16481296718120575
0.4884064197540283
0.18600428104400635
0.2466197907924652
0.7662006616592407
0.1975889354944229
0.35130783915519714
0.22518473863601685
0.24012500047683716
0.27647000551223755
0.3276292085647583
1.0097720623016357
0.32008567452430725
0.5453028678894043
0.5903675556182861
0.18672791123390198
0.29383569955825806
0.3100895285606384
0.8416590690612793
0.15287861227989197
0.6253083348274231
0.6523164510726929
0.44159117341041565
0.2509174942970276
0.4226396679878235
0.2820931673049927
0.4709094762802124
0.10984253883361816
0.2555761933326721
0.13506808876991272
0.24187901616096497
0.21631446480751038
0.4564395844936371
0.24154329299926758
0.6355800628662109
0.2259225696325302
0.2760657072067261
0.22019106149673462
0.18546590209007263
0.2908763289451599
0.37251490354537964
0.1244775652885437
0.17325863242149353
0.13252803683280945
0.19958272576332092
1.045947790145874
0.3308732509613037
0.2276100218296051
0.19021658599376678
0.11643289774656296
0.35868141055107117
0.3233073353767395
0.36759430170059204
0.22597216069698334
0.21204394102096558
0.2254769504070282
0.23935912549495697
0.5160360336303711
0.6806967258453369
1.0380090475082397
0.6327370405197144
0.12185072898864746
0.32172635197639465
0.5317199230194092
0.256281316280365
0.1296696960926056
0.5330051183700562
0.15913026034832
0.22843210399150848
0.2250019907951355
0.27274417877197266
0.9003260135650635
0.15085899829864502
0.24056145548820496
0.5287010073661804
0.4053049087524414
0.49147453904151917
0.2131061553955078
0.18336814641952515
0.2165435254573822
0.28888964653015137
0.5139306783676147
0.19164693355560303
0.2717280685901642
0.6515080332756042
0.21760594844818115
0.2629058063030243
0.23699283599853516
0.23795734345912933
0.24727222323417664
0.2751947343349457
0.3332078754901886
0.13261544704437256
0.19426973164081573
0.40766197443008423
0.23766495287418365
0.49197250604629517
0.23026108741760254
0.3173157274723053
1.3083276748657227
0.3170231580734253
0.11056570708751678
0.2528863549232483
0.4178803563117981
0.22819724678993225
0.7572841048240662
0.44812506437301636
0.13119594752788544
0.14824995398521423
0.2682817280292511
0.25871390104293823
0.3444051444530487
0.34505707025527954
0.30431365966796875
0.42061299085617065
0.2793188989162445
0.18476983904838562
0.35255515575408936
0.16362151503562927
0.17536158859729767
0.21350157260894775
0.3699801564216614
0.1976795196533203
0.7254370450973511
0.21413268148899078
0.18941321969032288
0.20997057855129242
0.20097841322422028
0.2782885432243347
0.3619644343852997
0.21425476670265198
0.15664339065551758
0.5130966901779175
0.20703935623168945
0.5656752586364746
0.22455322742462158
0.3427172303199768
0.1915367990732193
0.3501502275466919
0.5104992389678955
0.22406211495399475
0.3529201149940491
0.19428806006908417
0.20621991157531738
0.18095971643924713
0.10461506247520447
0.38537728786468506
0.23724034428596497
0.3838775157928467
0.5411078929901123
0.22485458850860596
0.50091952085495
0.22770041227340698
0.28896355628967285
0.1926066279411316
0.2676180899143219
0.33759528398513794
0.341950386762619
0.19874581694602966
0.33810529112815857
0.4945768117904663
0.2609049081802368
0.24558699131011963
0.23736825585365295
0.5065174102783203
0.21845696866512299
0.26149067282676697
0.20852065086364746
0.20852871239185333
0.24698083102703094
0.37454330921173096
0.259382426738739
0.20881450176239014
0.2616480588912964
0.2815108299255371
0.5331820249557495
0.32099878787994385
0.31165623664855957
0.4259239733219147
0.2643711566925049
0.33670392632484436
0.12277908623218536
0.19870951771736145
0.266436368227005
0.17995786666870117
0.273009330034256
0.32999250292778015
0.3064037561416626
0.21920230984687805
0.3593544363975525
0.16611042618751526
0.2947627902030945
0.2645149230957031
0.2575906217098236
0.937384843826294
0.3353995680809021
0.2632034122943878
0.3997911810874939
0.16904205083847046
0.18005622923374176
0.18411457538604736
0.2224659025669098
0.34915703535079956
0.28404760360717773
0.15719978511333466
0.2797979414463043
0.1506502479314804
0.1823800504207611
0.1873367428779602
0.387085497379303
0.3934692144393921
0.7745888829231262
0.5052851438522339
0.3032137155532837
0.23011450469493866
0.5369938611984253
0.20718759298324585
0.3518820106983185
0.41706693172454834
0.3515207767486572
0.21163344383239746
0.34221184253692627
0.21836994588375092
0.16325655579566956
0.16498565673828125
0.5760447382926941
0.346738338470459
0.14255842566490173
0.9608967304229736
0.5690142512321472
0.23943907022476196
0.39048993587493896
0.35022130608558655
0.17448684573173523
0.21696661412715912
0.11658193171024323
0.1824854463338852
0.26135456562042236
0.21364212036132812
0.23495465517044067
0.19831153750419617
0.13297396898269653
0.11790631711483002
0.4545940160751343
0.1920742690563202
0.34714844822883606
0.362831711769104
0.5254421830177307
0.17381584644317627
0.5649949312210083
0.2543932795524597
0.24716830253601074
0.19649161398410797
0.3070608079433441
0.4610474109649658
0.41212397813796997
0.18446804583072662
0.17315888404846191
0.20889341831207275
0.20468074083328247
0.2913639545440674
0.17540910840034485
0.23642437160015106
0.2215288132429123
0.32569271326065063
0.14751596748828888
0.3312511444091797
0.23524218797683716
0.3368384540081024
0.32397884130477905
0.16727423667907715
0.27658599615097046
0.19808058440685272
0.2685536742210388
0.31011962890625
0.17479586601257324
0.5269604921340942
0.23310840129852295
0.8794647455215454
0.2549540400505066
0.3521230220794678
0.1913854032754898
0.20806147158145905
0.15893864631652832
0.2670687437057495
0.39429524540901184
0.22240343689918518
0.6471248269081116
0.17664960026741028
0.15611550211906433
0.23622149229049683
0.2091413140296936
0.30840760469436646
0.4487948417663574
0.28276801109313965
0.5367419719696045
0.2665594220161438
0.16177180409431458
0.24335047602653503
0.41153162717819214
0.4719773530960083
0.1547956019639969
0.3040373623371124
0.591994047164917
0.11224275827407837
0.5066688060760498
0.19674436748027802
0.19790509343147278
0.273285448551178
0.3335415720939636
0.4074091911315918
0.15079011023044586
0.18944686651229858
0.17405256628990173
0.20556551218032837
0.19934764504432678
0.34328192472457886
0.6683284044265747
0.22793155908584595
0.34019237756729126
0.4339445233345032
0.24185186624526978
0.29895082116127014
0.8168567419052124
0.3080734610557556
0.30548369884490967
0.18307888507843018
0.21340765058994293
0.3678857684135437
0.2640659511089325
0.1847420483827591
0.2423788607120514
0.32115238904953003
0.7198973894119263
0.3066233694553375
0.37124547362327576
0.5567710399627686
0.15808308124542236
0.6531513929367065
0.3725578784942627
0.13709603250026703
0.2339000105857849
0.9383529424667358
0.24002674221992493
0.314083456993103
0.5037869215011597
0.5131738185882568
0.5031619668006897
0.33677586913108826
0.6540709733963013
1.0341267585754395
0.15564824640750885
0.3620213270187378
0.20597992837429047
0.32316383719444275
0.3318216800689697
0.21655325591564178
0.166306734085083
0.21090269088745117
0.29089486598968506
0.2533882260322571
0.5402654409408569
0.2705262303352356
0.7126349210739136
0.6094077825546265
0.16587147116661072
0.14374564588069916
0.23180371522903442
0.862335741519928
0.23595374822616577
0.2048070728778839
0.22414638102054596
0.35252678394317627
0.28623759746551514
0.23249658942222595
0.48292186856269836
0.6576128005981445
0.11883345991373062
0.2765056788921356
0.37623709440231323
0.30102309584617615
0.1857711225748062
0.2818753123283386
0.23453229665756226
0.3408043384552002
0.1997062861919403
0.16594915091991425
0.3209189176559448
0.2221882939338684
0.20903104543685913
0.24187058210372925
0.38609030842781067
0.44891515374183655
0.23022571206092834
0.14028434455394745
0.6354631185531616
0.18233981728553772
0.5200456976890564
0.3972617983818054
0.29644742608070374
0.1469273567199707
0.19047696888446808
0.2384321689605713
0.3151750862598419
0.536084771156311
0.19139763712882996
0.2666715681552887
0.16859707236289978
0.24538284540176392
0.48826369643211365
0.3984346389770508
0.22924979031085968
0.18418514728546143
1.0193859338760376
0.20525920391082764
0.37485867738723755
0.43007931113243103
0.1447395384311676
0.18697196245193481
0.17719799280166626
0.22609539330005646
0.8452275991439819
0.27224934101104736
0.28013405203819275
0.3099142014980316
0.20842298865318298
0.3686973452568054
0.1609799712896347
0.25528448820114136
0.19492411613464355
0.16105490922927856
0.22411039471626282
0.2681291401386261
0.20117910206317902
0.3049996793270111
0.3233794569969177
0.7096647024154663
0.29561087489128113
0.4804942309856415
0.5314704775810242
0.4253704845905304
0.3917394280433655
0.3562042713165283
0.3675976097583771
0.39344096183776855
0.1953701227903366
0.3934382200241089
0.9678467512130737
1.000889778137207
0.29744911193847656
0.3021923303604126
0.14578597247600555
0.24227160215377808
0.18319296836853027
0.48300161957740784
0.3463060259819031
0.5116437673568726
0.3387630581855774
0.15685632824897766
0.21745312213897705
0.38455313444137573
0.18030762672424316
0.162636861205101
0.21325334906578064
0.32990655303001404
0.41037192940711975
0.253817617893219
0.7485965490341187
0.3827666938304901
0.4132274389266968
0.28695499897003174
0.24134626984596252
0.41073060035705566
0.21675363183021545
0.3911004960536957
0.33006298542022705
0.23475724458694458
0.31144386529922485
0.24905918538570404
0.5716592073440552
0.16037064790725708
0.5685127973556519
0.39872196316719055
0.25982847809791565
0.14009976387023926
0.2044556736946106
0.18701854348182678
0.25973454117774963
0.2831246256828308
0.2836606800556183
0.29565995931625366
0.18987366557121277
0.33561646938323975
0.3594173789024353
0.33322086930274963
0.29147982597351074
1.1708227396011353
0.30724599957466125
0.2664318084716797
0.29971909523010254
0.3081449270248413
0.2432565838098526
0.7583522796630859
0.9330331087112427
0.2884896397590637
0.19937318563461304
0.3493388891220093
0.11318743228912354
0.11310979723930359
0.2620382308959961
0.4388866126537323
0.23020252585411072
0.1574365198612213
0.16519074141979218
0.33236852288246155
0.24402837455272675
0.18445579707622528
0.1673124134540558
0.41165584325790405
0.18106573820114136
0.19716911017894745
0.9724541902542114
0.21252062916755676
0.1631302833557129
0.47390443086624146
0.24400199949741364
0.4004955291748047
0.36954277753829956
0.3975386917591095
0.637393593788147
0.15615403652191162
0.399049311876297
0.37635940313339233
0.26508840918540955
0.9162572026252747
0.19403499364852905
0.1616639941930771
0.2718382477760315
0.8551652431488037
0.33232930302619934
0.13694977760314941
0.27592355012893677
0.17603270709514618
0.2317686378955841
0.41650423407554626
0.5560694932937622
0.5714811086654663
0.20234525203704834
0.4693024456501007
0.44618165493011475
0.2566050887107849
0.1551542729139328
0.2818402349948883
0.4856489896774292
0.31117165088653564
0.336995005607605
0.22147318720817566
0.2880956530570984
0.17591293156147003
0.20994794368743896
0.18609987199306488
0.35325121879577637
0.2492908388376236
0.3816643953323364
0.41196948289871216
0.15547187626361847
0.14046026766300201
0.16751758754253387
0.4426202178001404
0.2266356199979782
0.1372026652097702
0.14368292689323425
0.18092715740203857
0.29086440801620483
0.41514918208122253
0.19192463159561157
0.3040166199207306
0.17555426061153412
0.43100520968437195
0.3196588456630707
0.3063609004020691
0.24717046320438385
0.3019256889820099
0.20694202184677124
0.21652868390083313
0.39519238471984863
0.24316099286079407
0.2082466185092926
0.21597228944301605
0.25603586435317993
0.4574437439441681
0.3354383111000061
0.1877441555261612
0.2283763438463211
0.4738815724849701
0.19719967246055603
0.23135855793952942
0.18392634391784668
0.12136144936084747
0.2505541145801544
0.7455987930297852
0.3568423092365265
0.3052554428577423
0.35700976848602295
0.3170318901538849
0.732778787612915
0.4581359922885895
1.0544695854187012
0.5673366785049438
0.2607816755771637
0.20450344681739807
0.2981036901473999
0.5670373439788818
0.24684777855873108
0.1841392070055008
0.28427374362945557
0.1883009970188141
0.34983521699905396
0.3777160048484802
0.19206026196479797
0.2096143513917923
1.0203269720077515
0.20027396082878113
0.23958274722099304
0.19580204784870148
0.1397021859884262
0.4343865215778351
0.11304806172847748
1.0422372817993164
0.19705012440681458
0.22495879232883453
0.18753081560134888
0.19983559846878052
0.23279862105846405
0.23783376812934875
0.1468774676322937
0.6622357368469238
0.41926389932632446
0.46888116002082825
0.2562102973461151
0.18475981056690216
0.3107767105102539
0.1952880471944809
0.29681023955345154
0.3682486116886139
0.3833773732185364
0.30301642417907715
0.21545648574829102
0.18898528814315796
0.23206782341003418
0.17358823120594025
0.31933164596557617
0.2510317862033844
0.251129686832428
0.5375670790672302
0.23207373917102814
1.0320966243743896
0.12603700160980225
0.26083022356033325
0.4384714365005493
0.4001578092575073
0.31721746921539307
0.15959201753139496
0.21297261118888855
0.5093437433242798
0.15351441502571106
0.21166351437568665
0.25515633821487427
0.3832503855228424
0.2042619287967682
0.3784449100494385
0.23793230950832367
0.17030665278434753
0.4228712320327759
0.28205716609954834
0.325689435005188
0.20676803588867188
0.24723048508167267
0.4159597158432007
0.2926943600177765
0.2586434781551361
0.22212249040603638
0.17575912177562714
0.12432321906089783
0.30837857723236084
0.22582991421222687
0.23676010966300964
0.2578202784061432
0.22225572168827057
0.36534354090690613
0.16919715702533722
0.21068063378334045
0.495658278465271
0.18270601332187653
0.34966498613357544
0.1735120713710785
0.8523412942886353
0.49467039108276367
0.25974395871162415
0.18527907133102417
0.4568938612937927
0.2186805009841919
0.3061544895172119
0.22730271518230438
0.25799867510795593
0.36009275913238525
0.1161210685968399
0.6060352325439453
0.28923916816711426
0.15933001041412354
0.1630331128835678
0.4562608599662781
0.39782607555389404
0.29458993673324585
0.22230282425880432
0.4547605514526367
0.28912657499313354
0.17541292309761047
0.3080640733242035
0.17914269864559174
0.26571857929229736
0.09710812568664551
0.2069489061832428
0.2405778169631958
0.4810125231742859
0.4762808680534363
0.39626675844192505
0.4131050705909729
0.29798972606658936
0.18882524967193604
0.2209898829460144
0.47362571954727173
0.29691940546035767
0.39692452549934387
0.49327534437179565
0.21730640530586243
0.21747282147407532
0.36249732971191406
0.26578617095947266
0.17340856790542603
0.7791389226913452
0.2506590485572815
0.3799283504486084
0.1860331892967224
0.28843605518341064
0.16236472129821777
0.2470923513174057
0.19071346521377563
0.25581634044647217
0.26935529708862305
0.51478511095047
0.16515851020812988
0.4097000062465668
1.0663424730300903
0.24409356713294983
0.3292160630226135
0.47988808155059814
0.2879282832145691
0.23120446503162384
0.29847922921180725
0.2619999349117279
0.450401246547699
0.2169855833053589
0.20629380643367767
0.0941307544708252
0.48582524061203003
0.330868124961853
0.15651729702949524
0.2200697958469391
0.19440339505672455
0.1686137318611145
0.18592017889022827
0.20427972078323364
0.2306082546710968
0.2159518003463745
0.22247609496116638
0.11989487707614899
0.2311047911643982
0.26349538564682007
0.2899593710899353
0.2574279308319092
0.2805456817150116
0.19762413203716278
0.1593828797340393
0.15530513226985931
0.23829761147499084
0.2195848524570465
0.19068774580955505
0.19690296053886414
1.1786761283874512
0.30558499693870544
0.222126305103302
0.3574541509151459
0.16890054941177368
0.16475987434387207
0.3090251088142395
0.39528316259384155
0.31016069650650024
0.17026212811470032
0.1484735608100891
0.9425548315048218
0.2572879195213318
0.3678264617919922
0.45490342378616333
0.20259712636470795
0.16297182440757751
0.19519685208797455
0.1856549084186554
0.3797905445098877
0.3351514935493469
0.5465255379676819
0.272657573223114
0.258897989988327
0.12388521432876587
0.7702414989471436
0.34130918979644775
0.3247627019882202
0.3793283998966217
0.29576507210731506
0.29034292697906494
0.16442272067070007
0.20510196685791016
0.288895845413208
0.5882608890533447
0.13557228446006775
0.18691563606262207
0.5083305239677429
0.20843832194805145
0.29731693863868713
0.2645076811313629
0.20750530064105988
0.39593374729156494
0.7864216566085815
0.30793246626853943
0.4722602963447571
0.3389895558357239
0.3377250134944916
0.30748802423477173
0.16772954165935516
0.22742797434329987
0.4272991418838501
0.6242628693580627
0.18987445533275604
0.16769731044769287
0.9942622184753418
0.4768493175506592
0.18955069780349731
0.11936543136835098
0.15438908338546753
0.278678297996521
0.1210564523935318
0.25396406650543213
0.5825451016426086
0.7941421270370483
0.2556380033493042
0.1627483069896698
0.15266180038452148
0.1638508141040802
0.17803607881069183
0.20408543944358826
0.24743641912937164
0.25567662715911865
0.39181047677993774
0.24991613626480103
0.1235024556517601
0.2553912401199341
0.19959348440170288
0.7374926805496216
0.3580334186553955
0.261222779750824
0.22497394680976868
0.31012406945228577
0.23376688361167908
0.24330131709575653
0.3775159418582916
0.2098000943660736
0.16565492749214172
1.0746428966522217
0.25936925411224365
0.5758035778999329
0.16287177801132202
0.42594531178474426
0.3430911600589752
0.18560311198234558
0.1774071455001831
0.19182728230953217
0.3578105568885803
0.21610301733016968
0.1624317467212677
0.0994315966963768
0.2564968466758728
1.0073373317718506
0.40751978754997253
0.3209892511367798
0.6248577833175659
0.24638254940509796
0.17036384344100952
0.5372105836868286
0.28497952222824097
0.2973546087741852
0.7321206331253052
0.1872473657131195
0.19488225877285004
0.18927891552448273
0.19458052515983582
0.4187195301055908
0.1722528338432312
0.2568964660167694
0.21653112769126892
0.19915401935577393
0.3005315065383911
0.17568117380142212
0.41430389881134033
0.27388879656791687
0.3061976730823517
0.46942538022994995
0.2784268856048584
0.4904978275299072
0.24053499102592468
0.4979628026485443
0.30105286836624146
0.4993159770965576
0.2578766644001007
0.3800848126411438
0.2185584306716919
0.38236725330352783
0.41776329278945923
0.21055597066879272
0.19390782713890076
0.45527344942092896
0.21117666363716125
0.19720090925693512
0.19814863801002502
0.2921714186668396
0.48610568046569824
0.1758733093738556
0.17793715000152588
0.41933682560920715
0.2812332808971405
0.3332866132259369
0.37798506021499634
0.4032561480998993
0.27344033122062683
0.273019015789032
0.15402638912200928
0.25825023651123047
0.44963696599006653
0.3943687081336975
0.18969377875328064
0.31298065185546875
0.23182828724384308
1.4501888751983643
0.27786868810653687
0.20153118669986725
0.1679655909538269
0.22735995054244995
0.3734106421470642
0.20525214076042175
0.22153380513191223
0.12666107714176178
0.28762662410736084
0.4559227228164673
0.21997135877609253
1.0362011194229126
0.09888653457164764
0.20986565947532654
0.4369064271450043
0.4564175009727478
0.8631415367126465
0.2464224100112915
0.17962631583213806
0.17160972952842712
0.30132535099983215
0.21212665736675262
0.2688482999801636
0.2295040786266327
0.33066001534461975
0.22714591026306152
0.25282731652259827
0.5790824890136719
0.23457825183868408
0.25455623865127563
1.0261549949645996
0.32712820172309875
0.25234362483024597
0.2299479842185974
0.474789023399353
0.5679853558540344
0.2615104019641876
0.29487213492393494
0.2699356973171234
0.5604241490364075
0.41553163528442383
0.2218133807182312
0.30092936754226685
0.1775525063276291
0.20487579703330994
0.3727414608001709
0.13462640345096588
0.2914796471595764
0.7357920408248901
0.1952168345451355
0.22616459429264069
0.2869454026222229
0.8778907060623169
0.19619476795196533
0.28526613116264343
0.2807490825653076
0.2588590979576111
0.34792953729629517
0.11800675094127655
0.3127952218055725
0.1443651020526886
0.34766972064971924
0.2733900547027588
0.2943345308303833
0.3034197688102722
0.2610144019126892
0.2607368230819702
0.3321378231048584
0.5265951156616211
0.2693040370941162
0.28269875049591064
0.5608943104743958
0.29436957836151123
0.3436988294124603
0.17441526055335999
0.7133315205574036
0.39695027470588684
0.25270190834999084
0.27018365263938904
0.21944613754749298
0.29040247201919556
0.31230106949806213
0.28935614228248596
0.2754955589771271
0.2878084182739258
0.22666150331497192
0.2836647033691406
0.22617490589618683
0.1851283460855484
0.3458589017391205
0.40292447805404663
0.3648557662963867
0.1577727049589157
0.14087572693824768
0.15540117025375366
0.1689501851797104
0.19537267088890076
0.2426060140132904
0.16064505279064178
0.17987218499183655
0.2913684844970703
0.23453465104103088
0.17282699048519135
0.2538782060146332
0.18881189823150635
0.2500112056732178
0.31710338592529297
0.2306838035583496
0.27478453516960144
